2.0246786677913233
2.0002548210142845
2.0000102598249647
1.9999243048503654
2.000060827608596
1.99990561179659
2.0000938321090302
2.000023001556455
2.000024420313089
1.9999925932613154
2.0000486602923018
2.000048735449409
2.00007984424644
2.0000913874112713
2.0000880863150825
1.9998991091883291
1.9999671626545634
1.9999536436443122
1.9999894485253782
1.9999421356479974
2.0001174539584574
1.999868074689701
1.9999036969292925
2.0000252347312433
1.9999584456431256
1.9999570363007217
2.0000317582058345
2.000026461115778
1.9999989751853358
1.9999468690908215
1.999951874625138
2.0000111429898677
2.000027797240402
2.0000163755812728
2.0000419553027315
1.9999418351591192
2.0000735503965252
2.000145706346893
1.999966205788251
2.0000491158499494
